# file: RJBB.dsf

PROPERTY sim/west 135
PROPERTY sim/east 136
PROPERTY sim/north 35
PROPERTY sim/south 34
PROPERTY sim/planet earth
PROPERTY sim/creation_agent WorldEditor1.4.1r1
PROPERTY laminar/internal_revision 0
PROPERTY sim/overlay 1
PROPERTY sim/require_agpoint 1/0
PROPERTY sim/require_object 1/0
OBJECT_DEF lib/airport/Ramp_Equipment/JetWayExt_4m.obj
OBJECT_DEF lib/airport/Ramp_Equipment/JetWayEx_16m.obj
OBJECT_DEF lib/airport/Ramp_Equipment/Jetway_250cm.obj
OBJECT_DEF lib/airport/Ramp_Equipment/Jetway_400cm.obj
OBJECT 0 135.240967613 34.432208934 51.905699
OBJECT 0 135.240316720 34.431770714 51.905699
OBJECT 0 135.239693008 34.431330587 51.905699
OBJECT 0 135.239056897 34.430911917 51.905699
OBJECT 0 135.248521782 34.437348840 51.905699
OBJECT 0 135.237775139 34.430079824 51.905699
OBJECT 0 135.238411250 34.430495632 51.905699
OBJECT 0 135.247013523 34.435389487 230.491188
OBJECT 0 135.241825456 34.431925212 230.491188
OBJECT 0 135.247959583 34.436051823 230.491188
OBJECT 0 135.242530709 34.432395857 230.491188
OBJECT 0 135.244462882 34.433686675 230.491188
OBJECT 0 135.244942111 34.434027619 230.491188
OBJECT 0 135.239274338 34.430222400 230.491188
OBJECT 0 135.239909495 34.430645361 230.491188
OBJECT 0 135.245479992 34.434386683 230.491188
OBJECT 0 135.246378367 34.434963188 230.491188
OBJECT 0 135.240545129 34.431065938 230.491188
OBJECT 0 135.241189822 34.431499390 230.491188
OBJECT 0 135.248719196 34.436536297 230.491188
OBJECT 0 135.249369135 34.436990730 230.491188
OBJECT 0 135.243174449 34.432830262 230.491188
OBJECT 0 135.243827249 34.433260853 230.491188
OBJECT 0 135.238045033 34.429327840 230.491188
OBJECT 0 135.238639181 34.429796578 230.491188
OBJECT 0 135.249803540 34.438180457 51.905699
OBJECT 0 135.249157893 34.437764649 51.905699
OBJECT 0 135.250004768 34.437416552 230.491188
OBJECT 0 135.251714256 34.439477474 51.905699
OBJECT 0 135.251063363 34.439039254 51.905699
OBJECT 0 135.250439174 34.438599126 51.905699
OBJECT 0 135.252458610 34.438921950 230.491188
OBJECT 0 135.250639448 34.437839036 230.491188
OBJECT 0 135.251278897 34.438259613 230.491188
OBJECT 0 135.251900702 34.438683528 230.491188
OBJECT 1 135.241084916 34.432137884 322.102083
OBJECT 1 135.240434024 34.431699664 322.102083
OBJECT 1 135.239809834 34.431259537 322.102083
OBJECT 1 135.239174201 34.430840867 322.102083
OBJECT 1 135.248638609 34.437277790 322.102083
OBJECT 1 135.237892443 34.430008774 322.102083
OBJECT 1 135.238528077 34.430424582 322.102083
OBJECT 1 135.246906233 34.435452430 140.940261
OBJECT 1 135.241717689 34.431988155 140.940261
OBJECT 1 135.247852293 34.436114767 140.940261
OBJECT 1 135.242423419 34.432458801 140.940261
OBJECT 1 135.249897002 34.437479496 140.940261
OBJECT 1 135.244355116 34.433749619 140.940261
OBJECT 1 135.244834821 34.434090562 140.940261
OBJECT 1 135.239167048 34.430285344 140.940261
OBJECT 1 135.239801728 34.430708305 140.940261
OBJECT 1 135.245372702 34.434449626 140.940261
OBJECT 1 135.246270600 34.435026131 140.940261
OBJECT 1 135.240437839 34.431128882 140.940261
OBJECT 1 135.241082532 34.431562333 140.940261
OBJECT 1 135.248611906 34.436599241 140.940261
OBJECT 1 135.249261845 34.437053674 140.940261
OBJECT 1 135.243067159 34.432893206 140.940261
OBJECT 1 135.243719959 34.433323796 140.940261
OBJECT 1 135.237937266 34.429390784 140.940261
OBJECT 1 135.238531891 34.429859522 140.940261
OBJECT 1 135.249920367 34.438109407 322.102083
OBJECT 1 135.249274720 34.437693599 322.102083
OBJECT 1 135.251831083 34.439406424 322.102083
OBJECT 1 135.251180190 34.438968204 322.102083
OBJECT 1 135.250556477 34.438528077 322.102083
OBJECT 1 135.252351320 34.438984894 140.940261
OBJECT 1 135.250532158 34.437901980 140.940261
OBJECT 1 135.251171607 34.438322557 140.940261
OBJECT 1 135.251793412 34.438746471 140.940261
OBJECT 2 135.240970474 34.432207027 323.772030
OBJECT 2 135.240319104 34.431768807 323.772030
OBJECT 2 135.239695392 34.431328679 323.772030
OBJECT 2 135.239059281 34.430910010 323.772030
OBJECT 2 135.248524166 34.437346933 323.772030
OBJECT 2 135.237778000 34.430078393 323.772030
OBJECT 2 135.238413634 34.430494202 323.772030
OBJECT 2 135.247008755 34.435391394 140.105287
OBJECT 2 135.241820687 34.431927596 140.105287
OBJECT 2 135.247954814 34.436054208 140.105287
OBJECT 2 135.242525940 34.432398241 140.105287
OBJECT 2 135.244458114 34.433688582 140.105287
OBJECT 2 135.244937343 34.434030003 140.105287
OBJECT 2 135.239269570 34.430224784 140.105287
OBJECT 2 135.239904726 34.430647745 140.105287
OBJECT 2 135.245475223 34.434389067 140.105287
OBJECT 2 135.246373598 34.434965572 140.105287
OBJECT 2 135.240540360 34.431067845 140.105287
OBJECT 2 135.241185531 34.431501774 140.105287
OBJECT 2 135.248714904 34.436538205 140.105287
OBJECT 2 135.249364366 34.436992638 140.105287
OBJECT 2 135.243170157 34.432832647 140.105287
OBJECT 2 135.243822957 34.433262760 140.105287
OBJECT 2 135.238040265 34.429330224 140.105287
OBJECT 2 135.238634413 34.429798962 140.105287
OBJECT 2 135.249805924 34.438179026 323.772030
OBJECT 2 135.249160277 34.437762741 323.772030
OBJECT 2 135.250000000 34.437418460 140.105287
OBJECT 2 135.251716640 34.439476043 323.772030
OBJECT 2 135.251065747 34.439037823 323.772030
OBJECT 2 135.250442035 34.438597696 323.772030
OBJECT 2 135.252453841 34.438924334 140.105287
OBJECT 2 135.250634680 34.437841421 140.105287
OBJECT 2 135.251274605 34.438261997 140.105287
OBJECT 2 135.251895933 34.438685912 140.105287
OBJECT 3 135.240973335 34.432253758 325.018997
OBJECT 3 135.240321965 34.431816014 325.018997
OBJECT 3 135.239698253 34.431375887 325.018997
OBJECT 3 135.239062142 34.430957218 325.018997
OBJECT 3 135.248527028 34.437393664 325.018997
OBJECT 3 135.237780861 34.430125124 325.018997
OBJECT 3 135.238416495 34.430540932 325.018997
OBJECT 3 135.247016861 34.435339418 140.857862
OBJECT 3 135.241828794 34.431875620 140.857862
OBJECT 3 135.247963397 34.436001755 140.857862
OBJECT 3 135.242534524 34.432345789 140.857862
OBJECT 3 135.244466220 34.433636606 140.857862
OBJECT 3 135.244945449 34.433978027 140.857862
OBJECT 3 135.239278153 34.430172808 140.857862
OBJECT 3 135.239912833 34.430595293 140.857862
OBJECT 3 135.245483330 34.434336614 140.857862
OBJECT 3 135.246381704 34.434913596 140.857862
OBJECT 3 135.240548466 34.431015869 140.857862
OBJECT 3 135.241193637 34.431449321 140.857862
OBJECT 3 135.248723011 34.436486229 140.857862
OBJECT 3 135.249372950 34.436940661 140.857862
OBJECT 3 135.243178264 34.432780671 140.857862
OBJECT 3 135.243831064 34.433210784 140.857862
OBJECT 3 135.238048371 34.429277771 140.857862
OBJECT 3 135.238642996 34.429746986 140.857862
OBJECT 3 135.249808785 34.438225757 325.018997
OBJECT 3 135.249163138 34.437809949 325.018997
OBJECT 3 135.250008106 34.437366484 140.857862
OBJECT 3 135.251719501 34.439522774 325.018997
OBJECT 3 135.251068608 34.439084554 325.018997
OBJECT 3 135.250444896 34.438644427 325.018997
OBJECT 3 135.252461948 34.438872358 140.857862
OBJECT 3 135.250642786 34.437789445 140.857862
OBJECT 3 135.251282712 34.438210021 140.857862
OBJECT 3 135.251904040 34.438633936 140.857862
# Result code: 0
